$ 1 0.000005 10.20027730826997 50 5 50
R 128 64 48 64 0 0 40 5 0 0 0.5
r 176 112 176 192 0 220
r 224 112 224 192 0 470
r 272 112 272 192 0 1000
162 176 192 176 256 2 default-led 1 0 0 0.01
162 224 192 224 256 2 default-led 1 0 0 0.01
162 272 192 272 256 2 default-led 1 0 0 0.01
g 128 256 80 256 0
w 128 64 176 64 0
w 176 64 176 112 0
w 176 64 224 64 0
w 224 64 224 112 0
w 224 64 272 64 0
w 272 64 272 112 0
w 128 256 128 288 0
w 128 288 176 288 0
w 176 288 176 256 0
w 224 256 224 304 0
w 224 304 128 304 0
w 128 304 128 288 0
w 272 256 272 320 0
w 272 320 128 320 0
w 128 320 128 304 0
